2021/07/13-15:11:55.287286 7f21428a4280 RocksDB version: 6.21.0
2021/07/13-15:11:55.287313 7f21428a4280 Git sha 31452747f9e8da750425439821006d4bd01b5994
2021/07/13-15:11:55.287315 7f21428a4280 Compile date 2021-07-01 13:57:01
2021/07/13-15:11:55.287317 7f21428a4280 DB SUMMARY
2021/07/13-15:11:55.287318 7f21428a4280 DB Session ID:  07CPONV3V6VBSGYHQHT6
2021/07/13-15:11:55.287329 7f21428a4280 SST files in ../mnt dir, Total Num: 0, files: 
2021/07/13-15:11:55.287331 7f21428a4280 Write Ahead Log file in ../mnt: 
2021/07/13-15:11:55.287332 7f21428a4280                         Options.error_if_exists: 0
2021/07/13-15:11:55.287334 7f21428a4280                       Options.create_if_missing: 1
2021/07/13-15:11:55.287335 7f21428a4280                         Options.paranoid_checks: 1
2021/07/13-15:11:55.287336 7f21428a4280             Options.flush_verify_memtable_count: 1
2021/07/13-15:11:55.287337 7f21428a4280                               Options.track_and_verify_wals_in_manifest: 0
2021/07/13-15:11:55.287338 7f21428a4280                                     Options.env: 0x55944dc082a0
2021/07/13-15:11:55.287339 7f21428a4280                                      Options.fs: Posix File System
2021/07/13-15:11:55.287340 7f21428a4280                                Options.info_log: 0x55944fb11800
2021/07/13-15:11:55.287341 7f21428a4280                Options.max_file_opening_threads: 16
2021/07/13-15:11:55.287343 7f21428a4280                              Options.statistics: (nil)
2021/07/13-15:11:55.287344 7f21428a4280                               Options.use_fsync: 0
2021/07/13-15:11:55.287345 7f21428a4280                       Options.max_log_file_size: 0
2021/07/13-15:11:55.287346 7f21428a4280                  Options.max_manifest_file_size: 1073741824
2021/07/13-15:11:55.287347 7f21428a4280                   Options.log_file_time_to_roll: 0
2021/07/13-15:11:55.287348 7f21428a4280                       Options.keep_log_file_num: 1000
2021/07/13-15:11:55.287349 7f21428a4280                    Options.recycle_log_file_num: 0
2021/07/13-15:11:55.287350 7f21428a4280                         Options.allow_fallocate: 1
2021/07/13-15:11:55.287351 7f21428a4280                        Options.allow_mmap_reads: 0
2021/07/13-15:11:55.287352 7f21428a4280                       Options.allow_mmap_writes: 0
2021/07/13-15:11:55.287353 7f21428a4280                        Options.use_direct_reads: 0
2021/07/13-15:11:55.287354 7f21428a4280                        Options.use_direct_io_for_flush_and_compaction: 1
2021/07/13-15:11:55.287355 7f21428a4280          Options.create_missing_column_families: 0
2021/07/13-15:11:55.287356 7f21428a4280                              Options.db_log_dir: 
2021/07/13-15:11:55.287358 7f21428a4280                                 Options.wal_dir: ../mnt
2021/07/13-15:11:55.287359 7f21428a4280                Options.table_cache_numshardbits: 4
2021/07/13-15:11:55.287360 7f21428a4280                         Options.WAL_ttl_seconds: 0
2021/07/13-15:11:55.287361 7f21428a4280                       Options.WAL_size_limit_MB: 0
2021/07/13-15:11:55.287362 7f21428a4280                        Options.max_write_batch_group_size_bytes: 1048576
2021/07/13-15:11:55.287363 7f21428a4280             Options.manifest_preallocation_size: 4194304
2021/07/13-15:11:55.287364 7f21428a4280                     Options.is_fd_close_on_exec: 1
2021/07/13-15:11:55.287365 7f21428a4280                   Options.advise_random_on_open: 1
2021/07/13-15:11:55.287366 7f21428a4280                    Options.db_write_buffer_size: 0
2021/07/13-15:11:55.287367 7f21428a4280                    Options.write_buffer_manager: 0x55944faaee40
2021/07/13-15:11:55.287368 7f21428a4280         Options.access_hint_on_compaction_start: 1
2021/07/13-15:11:55.287369 7f21428a4280  Options.new_table_reader_for_compaction_inputs: 1
2021/07/13-15:11:55.287370 7f21428a4280           Options.random_access_max_buffer_size: 1048576
2021/07/13-15:11:55.287371 7f21428a4280                      Options.use_adaptive_mutex: 0
2021/07/13-15:11:55.287372 7f21428a4280                            Options.rate_limiter: (nil)
2021/07/13-15:11:55.287373 7f21428a4280     Options.sst_file_manager.rate_bytes_per_sec: 0
2021/07/13-15:11:55.287381 7f21428a4280                       Options.wal_recovery_mode: 2
2021/07/13-15:11:55.287382 7f21428a4280                  Options.enable_thread_tracking: 0
2021/07/13-15:11:55.287383 7f21428a4280                  Options.enable_pipelined_write: 1
2021/07/13-15:11:55.287385 7f21428a4280                  Options.unordered_write: 0
2021/07/13-15:11:55.287386 7f21428a4280         Options.allow_concurrent_memtable_write: 1
2021/07/13-15:11:55.287387 7f21428a4280      Options.enable_write_thread_adaptive_yield: 1
2021/07/13-15:11:55.287388 7f21428a4280             Options.write_thread_max_yield_usec: 100
2021/07/13-15:11:55.287389 7f21428a4280            Options.write_thread_slow_yield_usec: 3
2021/07/13-15:11:55.287390 7f21428a4280                               Options.row_cache: None
2021/07/13-15:11:55.287391 7f21428a4280                              Options.wal_filter: None
2021/07/13-15:11:55.287392 7f21428a4280             Options.avoid_flush_during_recovery: 0
2021/07/13-15:11:55.287393 7f21428a4280             Options.allow_ingest_behind: 0
2021/07/13-15:11:55.287394 7f21428a4280             Options.preserve_deletes: 0
2021/07/13-15:11:55.287395 7f21428a4280             Options.two_write_queues: 0
2021/07/13-15:11:55.287396 7f21428a4280             Options.manual_wal_flush: 0
2021/07/13-15:11:55.287397 7f21428a4280             Options.atomic_flush: 0
2021/07/13-15:11:55.287398 7f21428a4280             Options.avoid_unnecessary_blocking_io: 0
2021/07/13-15:11:55.287399 7f21428a4280                 Options.persist_stats_to_disk: 0
2021/07/13-15:11:55.287400 7f21428a4280                 Options.write_dbid_to_manifest: 0
2021/07/13-15:11:55.287401 7f21428a4280                 Options.log_readahead_size: 0
2021/07/13-15:11:55.287402 7f21428a4280                 Options.file_checksum_gen_factory: Unknown
2021/07/13-15:11:55.287403 7f21428a4280                 Options.best_efforts_recovery: 0
2021/07/13-15:11:55.287404 7f21428a4280                Options.max_bgerror_resume_count: 2147483647
2021/07/13-15:11:55.287405 7f21428a4280            Options.bgerror_resume_retry_interval: 1000000
2021/07/13-15:11:55.287406 7f21428a4280             Options.allow_data_in_errors: 0
2021/07/13-15:11:55.287407 7f21428a4280             Options.db_host_id: __hostname__
2021/07/13-15:11:55.287408 7f21428a4280             Options.max_background_jobs: 2
2021/07/13-15:11:55.287409 7f21428a4280             Options.max_background_compactions: -1
2021/07/13-15:11:55.287410 7f21428a4280             Options.max_subcompactions: 1
2021/07/13-15:11:55.287411 7f21428a4280             Options.avoid_flush_during_shutdown: 0
2021/07/13-15:11:55.287412 7f21428a4280           Options.writable_file_max_buffer_size: 1048576
2021/07/13-15:11:55.287414 7f21428a4280             Options.delayed_write_rate : 8388608
2021/07/13-15:11:55.287415 7f21428a4280             Options.max_total_wal_size: 0
2021/07/13-15:11:55.287416 7f21428a4280             Options.delete_obsolete_files_period_micros: 21600000000
2021/07/13-15:11:55.287417 7f21428a4280                   Options.stats_dump_period_sec: 600
2021/07/13-15:11:55.287418 7f21428a4280                 Options.stats_persist_period_sec: 600
2021/07/13-15:11:55.287419 7f21428a4280                 Options.stats_history_buffer_size: 1048576
2021/07/13-15:11:55.287420 7f21428a4280                          Options.max_open_files: -1
2021/07/13-15:11:55.287421 7f21428a4280                          Options.bytes_per_sync: 0
2021/07/13-15:11:55.287422 7f21428a4280                      Options.wal_bytes_per_sync: 0
2021/07/13-15:11:55.287423 7f21428a4280                   Options.strict_bytes_per_sync: 0
2021/07/13-15:11:55.287424 7f21428a4280       Options.compaction_readahead_size: 0
2021/07/13-15:11:55.287425 7f21428a4280                  Options.max_background_flushes: -1
2021/07/13-15:11:55.287426 7f21428a4280 Compression algorithms supported:
2021/07/13-15:11:55.287427 7f21428a4280 	kZSTDNotFinalCompression supported: 1
2021/07/13-15:11:55.287429 7f21428a4280 	kZSTD supported: 1
2021/07/13-15:11:55.287434 7f21428a4280 	kXpressCompression supported: 0
2021/07/13-15:11:55.287435 7f21428a4280 	kLZ4HCCompression supported: 1
2021/07/13-15:11:55.287437 7f21428a4280 	kLZ4Compression supported: 1
2021/07/13-15:11:55.287438 7f21428a4280 	kBZip2Compression supported: 1
2021/07/13-15:11:55.287439 7f21428a4280 	kZlibCompression supported: 1
2021/07/13-15:11:55.287440 7f21428a4280 	kSnappyCompression supported: 1
2021/07/13-15:11:55.287442 7f21428a4280 Fast CRC32 supported: Supported on x86
2021/07/13-15:11:55.290256 7f21428a4280 [/db_impl/db_impl_open.cc:285] Creating manifest 1 
2021/07/13-15:11:55.297613 7f21428a4280 [/version_set.cc:4578] Recovering from manifest file: ../mnt/MANIFEST-000001
2021/07/13-15:11:55.297702 7f21428a4280 [/column_family.cc:602] --------------- Options for column family [default]:
2021/07/13-15:11:55.297707 7f21428a4280               Options.comparator: leveldb.BytewiseComparator
2021/07/13-15:11:55.297709 7f21428a4280           Options.merge_operator: None
2021/07/13-15:11:55.297710 7f21428a4280        Options.compaction_filter: None
2021/07/13-15:11:55.297712 7f21428a4280        Options.compaction_filter_factory: None
2021/07/13-15:11:55.297713 7f21428a4280  Options.sst_partitioner_factory: None
2021/07/13-15:11:55.297715 7f21428a4280         Options.memtable_factory: SkipListFactory
2021/07/13-15:11:55.297716 7f21428a4280            Options.table_factory: BlockBasedTable
2021/07/13-15:11:55.297750 7f21428a4280            table_factory options:   flush_block_policy_factory: FlushBlockBySizePolicyFactory (0x55944fabbde0)
  cache_index_and_filter_blocks: 0
  cache_index_and_filter_blocks_with_high_priority: 1
  pin_l0_filter_and_index_blocks_in_cache: 0
  pin_top_level_index_and_filter: 0
  index_type: 0
  data_block_index_type: 0
  index_shortening: 2
  data_block_hash_table_util_ratio: 0.750000
  hash_index_allow_collision: 1
  checksum: 1
  no_block_cache: 0
  block_cache: 0x55944faaed30
  block_cache_name: LRUCache
  block_cache_options:
    capacity : 8388608
    num_shard_bits : 6
    strict_capacity_limit : 0
    memory_allocator : None
    high_pri_pool_ratio: 0.000
  block_cache_compressed: (nil)
  persistent_cache: (nil)
  block_size: 4096
  block_size_deviation: 10
  block_restart_interval: 16
  index_block_restart_interval: 1
  metadata_block_size: 4096
  partition_filters: 0
  use_delta_encoding: 1
  filter_policy: nullptr
  whole_key_filtering: 1
  verify_compression: 0
  read_amp_bytes_per_bit: 0
  format_version: 5
  enable_index_compression: 1
  block_align: 0
2021/07/13-15:11:55.297753 7f21428a4280        Options.write_buffer_size: 67108864
2021/07/13-15:11:55.297755 7f21428a4280  Options.max_write_buffer_number: 2
2021/07/13-15:11:55.297757 7f21428a4280          Options.compression: Snappy
2021/07/13-15:11:55.297758 7f21428a4280                  Options.bottommost_compression: Disabled
2021/07/13-15:11:55.297760 7f21428a4280       Options.prefix_extractor: nullptr
2021/07/13-15:11:55.297761 7f21428a4280   Options.memtable_insert_with_hint_prefix_extractor: nullptr
2021/07/13-15:11:55.297762 7f21428a4280             Options.num_levels: 7
2021/07/13-15:11:55.297764 7f21428a4280        Options.min_write_buffer_number_to_merge: 1
2021/07/13-15:11:55.297765 7f21428a4280     Options.max_write_buffer_number_to_maintain: 0
2021/07/13-15:11:55.297767 7f21428a4280     Options.max_write_buffer_size_to_maintain: 0
2021/07/13-15:11:55.297768 7f21428a4280            Options.bottommost_compression_opts.window_bits: -14
2021/07/13-15:11:55.297770 7f21428a4280                  Options.bottommost_compression_opts.level: 32767
2021/07/13-15:11:55.297771 7f21428a4280               Options.bottommost_compression_opts.strategy: 0
2021/07/13-15:11:55.297773 7f21428a4280         Options.bottommost_compression_opts.max_dict_bytes: 0
2021/07/13-15:11:55.297774 7f21428a4280         Options.bottommost_compression_opts.zstd_max_train_bytes: 0
2021/07/13-15:11:55.297775 7f21428a4280         Options.bottommost_compression_opts.parallel_threads: 1
2021/07/13-15:11:55.297792 7f21428a4280                  Options.bottommost_compression_opts.enabled: false
2021/07/13-15:11:55.297794 7f21428a4280         Options.bottommost_compression_opts.max_dict_buffer_bytes: 0
2021/07/13-15:11:55.297796 7f21428a4280            Options.compression_opts.window_bits: -14
2021/07/13-15:11:55.297797 7f21428a4280                  Options.compression_opts.level: 32767
2021/07/13-15:11:55.297799 7f21428a4280               Options.compression_opts.strategy: 0
2021/07/13-15:11:55.297800 7f21428a4280         Options.compression_opts.max_dict_bytes: 0
2021/07/13-15:11:55.297801 7f21428a4280         Options.compression_opts.zstd_max_train_bytes: 0
2021/07/13-15:11:55.297803 7f21428a4280         Options.compression_opts.parallel_threads: 1
2021/07/13-15:11:55.297804 7f21428a4280                  Options.compression_opts.enabled: false
2021/07/13-15:11:55.297806 7f21428a4280         Options.compression_opts.max_dict_buffer_bytes: 0
2021/07/13-15:11:55.297807 7f21428a4280      Options.level0_file_num_compaction_trigger: -1
2021/07/13-15:11:55.297808 7f21428a4280          Options.level0_slowdown_writes_trigger: 20
2021/07/13-15:11:55.297810 7f21428a4280              Options.level0_stop_writes_trigger: 36
2021/07/13-15:11:55.297811 7f21428a4280                   Options.target_file_size_base: 67108864
2021/07/13-15:11:55.297813 7f21428a4280             Options.target_file_size_multiplier: 1
2021/07/13-15:11:55.297814 7f21428a4280                Options.max_bytes_for_level_base: 268435456
2021/07/13-15:11:55.297815 7f21428a4280 Options.level_compaction_dynamic_level_bytes: 0
2021/07/13-15:11:55.297817 7f21428a4280          Options.max_bytes_for_level_multiplier: 10.000000
2021/07/13-15:11:55.297820 7f21428a4280 Options.max_bytes_for_level_multiplier_addtl[0]: 1
2021/07/13-15:11:55.297822 7f21428a4280 Options.max_bytes_for_level_multiplier_addtl[1]: 1
2021/07/13-15:11:55.297823 7f21428a4280 Options.max_bytes_for_level_multiplier_addtl[2]: 1
2021/07/13-15:11:55.297825 7f21428a4280 Options.max_bytes_for_level_multiplier_addtl[3]: 1
2021/07/13-15:11:55.297826 7f21428a4280 Options.max_bytes_for_level_multiplier_addtl[4]: 1
2021/07/13-15:11:55.297827 7f21428a4280 Options.max_bytes_for_level_multiplier_addtl[5]: 1
2021/07/13-15:11:55.297829 7f21428a4280 Options.max_bytes_for_level_multiplier_addtl[6]: 1
2021/07/13-15:11:55.297830 7f21428a4280       Options.max_sequential_skip_in_iterations: 8
2021/07/13-15:11:55.297832 7f21428a4280                    Options.max_compaction_bytes: 1677721600
2021/07/13-15:11:55.297833 7f21428a4280                        Options.arena_block_size: 1048576
2021/07/13-15:11:55.297835 7f21428a4280   Options.soft_pending_compaction_bytes_limit: 68719476736
2021/07/13-15:11:55.297836 7f21428a4280   Options.hard_pending_compaction_bytes_limit: 137438953472
2021/07/13-15:11:55.297838 7f21428a4280       Options.rate_limit_delay_max_milliseconds: 1000
2021/07/13-15:11:55.297839 7f21428a4280                Options.disable_auto_compactions: 0
2021/07/13-15:11:55.297841 7f21428a4280                        Options.compaction_style: kCompactionStyleLevel
2021/07/13-15:11:55.297843 7f21428a4280                          Options.compaction_pri: kMinOverlappingRatio
2021/07/13-15:11:55.297844 7f21428a4280 Options.compaction_options_universal.size_ratio: 1
2021/07/13-15:11:55.297846 7f21428a4280 Options.compaction_options_universal.min_merge_width: 2
2021/07/13-15:11:55.297847 7f21428a4280 Options.compaction_options_universal.max_merge_width: 4294967295
2021/07/13-15:11:55.297849 7f21428a4280 Options.compaction_options_universal.max_size_amplification_percent: 200
2021/07/13-15:11:55.297850 7f21428a4280 Options.compaction_options_universal.compression_size_percent: -1
2021/07/13-15:11:55.297852 7f21428a4280 Options.compaction_options_universal.stop_style: kCompactionStopStyleTotalSize
2021/07/13-15:11:55.297854 7f21428a4280 Options.compaction_options_fifo.max_table_files_size: 0
2021/07/13-15:11:55.297855 7f21428a4280 Options.compaction_options_fifo.allow_compaction: 1
2021/07/13-15:11:55.297860 7f21428a4280                   Options.table_properties_collectors: 
2021/07/13-15:11:55.297882 7f21428a4280                   Options.inplace_update_support: 0
2021/07/13-15:11:55.297884 7f21428a4280                 Options.inplace_update_num_locks: 10000
2021/07/13-15:11:55.297885 7f21428a4280               Options.memtable_prefix_bloom_size_ratio: 0.000000
2021/07/13-15:11:55.297887 7f21428a4280               Options.memtable_whole_key_filtering: 0
2021/07/13-15:11:55.297889 7f21428a4280   Options.memtable_huge_page_size: 0
2021/07/13-15:11:55.297890 7f21428a4280                           Options.bloom_locality: 0
2021/07/13-15:11:55.297892 7f21428a4280                    Options.max_successive_merges: 0
2021/07/13-15:11:55.297893 7f21428a4280                Options.optimize_filters_for_hits: 0
2021/07/13-15:11:55.297894 7f21428a4280                Options.paranoid_file_checks: 0
2021/07/13-15:11:55.297896 7f21428a4280                Options.force_consistency_checks: 1
2021/07/13-15:11:55.297897 7f21428a4280                Options.report_bg_io_stats: 0
2021/07/13-15:11:55.297899 7f21428a4280                               Options.ttl: 0
2021/07/13-15:11:55.297900 7f21428a4280          Options.periodic_compaction_seconds: 0
2021/07/13-15:11:55.297901 7f21428a4280                    Options.enable_blob_files: true
2021/07/13-15:11:55.297903 7f21428a4280                        Options.min_blob_size: 0
2021/07/13-15:11:55.297904 7f21428a4280                       Options.blob_file_size: 268435456
2021/07/13-15:11:55.297906 7f21428a4280                Options.blob_compression_type: NoCompression
2021/07/13-15:11:55.297907 7f21428a4280       Options.enable_blob_garbage_collection: false
2021/07/13-15:11:55.297909 7f21428a4280   Options.blob_garbage_collection_age_cutoff: 0.250000
2021/07/13-15:11:55.298383 7f21428a4280 [/version_set.cc:4626] Recovered from manifest file:../mnt/MANIFEST-000001 succeeded,manifest_file_number is 1, next_file_number is 3, last_sequence is 0, log_number is 0,prev_log_number is 0,max_column_family is 0,min_log_number_to_keep is 0
2021/07/13-15:11:55.298390 7f21428a4280 [/version_set.cc:4635] Column family [default] (ID 0), log number is 0
2021/07/13-15:11:55.298476 7f21428a4280 [/version_set.cc:4124] Creating manifest 4
2021/07/13-15:11:55.306082 7f21428a4280 [DEBUG] [/db_impl/db_impl_files.cc:337] [JOB 1] Delete ../mnt/MANIFEST-000001 type=3 #1 -- OK
2021/07/13-15:11:55.313117 7f21428a4280 [/db_impl/db_impl_open.cc:1760] SstFileManager instance 0x55944fabe180
2021/07/13-15:11:55.313168 7f21428a4280 DB pointer 0x55944fac3c20
2021/07/13-15:11:55.749522 7f212e7fc700 [/db_impl/db_impl_write.cc:1810] [default] New memtable created with log file: #8. Immutable memtables: 0.
2021/07/13-15:11:55.749591 7f213fde8700 (Original Log Time 2021/07/13-15:11:55.749580) [/db_impl/db_impl_compaction_flush.cc:2568] Calling FlushMemTableToOutputFile with column family [default], flush slots available 1, compaction slots available 1, flush slots scheduled 1, compaction slots scheduled 0
2021/07/13-15:11:55.749594 7f213fde8700 [/flush_job.cc:341] [default] [JOB 2] Flushing memtable with next log file: 8
2021/07/13-15:11:55.749609 7f213fde8700 EVENT_LOG_v1 {"time_micros": 1626156715749605, "job": 2, "event": "flush_started", "num_memtables": 1, "num_entries": 119113, "num_deletes": 0, "total_data_size": 64201907, "memory_usage": 67110584, "flush_reason": "Write Buffer Full"}
2021/07/13-15:11:55.749611 7f213fde8700 [/flush_job.cc:370] [default] [JOB 2] Level-0 flush table #9: started
2021/07/13-15:11:55.987032 7f213fde8700 [/blob/blob_file_builder.cc:308] [default] [JOB 2] Generated blob file #10: 118939 total blobs, 66605840 total bytes
2021/07/13-15:11:55.988253 7f213fde8700 EVENT_LOG_v1 {"time_micros": 1626156715988238, "cf_name": "default", "job": 2, "event": "table_file_creation", "file_number": 9, "file_size": 1970093, "file_checksum": "", "file_checksum_func_name": "Unknown", "table_properties": {"data_size": 1957680, "index_size": 16213, "index_partitions": 0, "top_level_index_size": 0, "index_key_is_user_key": 1, "index_value_is_delta_encoded": 1, "filter_size": 0, "raw_key_size": 2854536, "raw_average_key_size": 24, "raw_value_size": 1066675, "raw_average_value_size": 8, "num_data_blocks": 889, "num_entries": 118939, "num_filter_entries": 0, "num_deletions": 0, "num_merge_operands": 0, "num_range_deletions": 0, "format_version": 0, "fixed_key_len": 0, "filter_policy": "", "column_family_name": "default", "column_family_id": 0, "comparator": "leveldb.BytewiseComparator", "merge_operator": "nullptr", "prefix_extractor_name": "nullptr", "property_collectors": "[]", "compression": "Snappy", "compression_options": "window_bits=-14; level=32767; strategy=0; max_dict_bytes=0; zstd_max_train_bytes=0; enabled=0; max_dict_buffer_bytes=0; ", "creation_time": 1626156715, "oldest_key_time": 1626156715, "file_creation_time": 1626156715, "slow_compression_estimated_data_size": 0, "fast_compression_estimated_data_size": 0, "db_id": "da0da3e1-6330-4ded-a8f3-500e4938af5e", "db_session_id": "07CPONV3V6VBSGYHQHT6"}, "oldest_blob_file_number": 10}
2021/07/13-15:11:55.988265 7f213fde8700 [/flush_job.cc:449] [default] [JOB 2] Level-0 flush table #9: 1970093 bytes OK
2021/07/13-15:11:55.992665 7f213fde8700 (Original Log Time 2021/07/13-15:11:55.990424) [/memtable_list.cc:457] [default] Level-0 commit table #9 (+1 blob files) started
2021/07/13-15:11:55.992682 7f213fde8700 (Original Log Time 2021/07/13-15:11:55.992622) [/memtable_list.cc:639] [default] Level-0 commit table #9 (+1 blob files): memtable #1 done
2021/07/13-15:11:55.992683 7f213fde8700 (Original Log Time 2021/07/13-15:11:55.992631) EVENT_LOG_v1 {"time_micros": 1626156715992627, "job": 2, "event": "flush_finished", "output_compression": "Snappy", "lsm_state": [1, 0, 0, 0, 0, 0, 0], "blob_file_head": 10, "blob_file_tail": 10, "immutable_memtables": 0}
2021/07/13-15:11:55.992684 7f213fde8700 (Original Log Time 2021/07/13-15:11:55.992640) [/db_impl/db_impl_compaction_flush.cc:241] [default] Level summary: files[1 0 0 0 0 0 0] max score 0.01
2021/07/13-15:11:55.992685 7f213fde8700 (Original Log Time 2021/07/13-15:11:55.992640) [/db_impl/db_impl_compaction_flush.cc:249] [default] Blob file summary: head=10, tail=10
2021/07/13-15:11:55.992687 7f213fde8700 [/db_impl/db_impl_files.cc:422] [JOB 2] Try to delete WAL files size 64797472, prev total WAL file size 102819808, number of live WAL files 2.
2021/07/13-15:11:55.997156 7f213fde8700 [le/delete_scheduler.cc:77] Deleted file ../mnt/000005.log immediately, rate_bytes_per_sec 0, total_trash_size 0 max_trash_db_ratio 0.250000
2021/07/13-15:11:55.997160 7f213fde8700 [DEBUG] [/db_impl/db_impl_files.cc:337] [JOB 2] Delete ../mnt/000005.log type=0 #5 -- OK
2021/07/13-15:11:56.176217 7f212e7fc700 [/db_impl/db_impl_write.cc:1810] [default] New memtable created with log file: #11. Immutable memtables: 0.
2021/07/13-15:11:56.176280 7f213fde8700 (Original Log Time 2021/07/13-15:11:56.176270) [/db_impl/db_impl_compaction_flush.cc:2568] Calling FlushMemTableToOutputFile with column family [default], flush slots available 1, compaction slots available 1, flush slots scheduled 1, compaction slots scheduled 0
2021/07/13-15:11:56.176283 7f213fde8700 [/flush_job.cc:341] [default] [JOB 3] Flushing memtable with next log file: 11
2021/07/13-15:11:56.176293 7f213fde8700 EVENT_LOG_v1 {"time_micros": 1626156716176290, "job": 3, "event": "flush_started", "num_memtables": 1, "num_entries": 119112, "num_deletes": 0, "total_data_size": 64201368, "memory_usage": 67000544, "flush_reason": "Write Buffer Full"}
2021/07/13-15:11:56.176295 7f213fde8700 [/flush_job.cc:370] [default] [JOB 3] Level-0 flush table #12: started
2021/07/13-15:11:56.414892 7f213fde8700 [/blob/blob_file_builder.cc:308] [default] [JOB 3] Generated blob file #13: 118986 total blobs, 66632160 total bytes
2021/07/13-15:11:56.415207 7f213fde8700 EVENT_LOG_v1 {"time_micros": 1626156716415193, "cf_name": "default", "job": 3, "event": "table_file_creation", "file_number": 12, "file_size": 1962996, "file_checksum": "", "file_checksum_func_name": "Unknown", "table_properties": {"data_size": 1950564, "index_size": 16222, "index_partitions": 0, "top_level_index_size": 0, "index_key_is_user_key": 1, "index_value_is_delta_encoded": 1, "filter_size": 0, "raw_key_size": 2855664, "raw_average_key_size": 24, "raw_value_size": 1067098, "raw_average_value_size": 8, "num_data_blocks": 889, "num_entries": 118986, "num_filter_entries": 0, "num_deletions": 0, "num_merge_operands": 0, "num_range_deletions": 0, "format_version": 0, "fixed_key_len": 0, "filter_policy": "", "column_family_name": "default", "column_family_id": 0, "comparator": "leveldb.BytewiseComparator", "merge_operator": "nullptr", "prefix_extractor_name": "nullptr", "property_collectors": "[]", "compression": "Snappy", "compression_options": "window_bits=-14; level=32767; strategy=0; max_dict_bytes=0; zstd_max_train_bytes=0; enabled=0; max_dict_buffer_bytes=0; ", "creation_time": 1626156715, "oldest_key_time": 1626156715, "file_creation_time": 1626156716, "slow_compression_estimated_data_size": 0, "fast_compression_estimated_data_size": 0, "db_id": "da0da3e1-6330-4ded-a8f3-500e4938af5e", "db_session_id": "07CPONV3V6VBSGYHQHT6"}, "oldest_blob_file_number": 13}
2021/07/13-15:11:56.415219 7f213fde8700 [/flush_job.cc:449] [default] [JOB 3] Level-0 flush table #12: 1962996 bytes OK
2021/07/13-15:11:56.419810 7f213fde8700 (Original Log Time 2021/07/13-15:11:56.417495) [/memtable_list.cc:457] [default] Level-0 commit table #12 (+1 blob files) started
2021/07/13-15:11:56.419828 7f213fde8700 (Original Log Time 2021/07/13-15:11:56.419767) [/memtable_list.cc:639] [default] Level-0 commit table #12 (+1 blob files): memtable #1 done
2021/07/13-15:11:56.419829 7f213fde8700 (Original Log Time 2021/07/13-15:11:56.419777) EVENT_LOG_v1 {"time_micros": 1626156716419774, "job": 3, "event": "flush_finished", "output_compression": "Snappy", "lsm_state": [2, 0, 0, 0, 0, 0, 0], "blob_file_head": 10, "blob_file_tail": 13, "immutable_memtables": 0}
2021/07/13-15:11:56.419829 7f213fde8700 (Original Log Time 2021/07/13-15:11:56.419785) [/db_impl/db_impl_compaction_flush.cc:241] [default] Level summary: files[2 0 0 0 0 0 0] max score 0.01
2021/07/13-15:11:56.419830 7f213fde8700 (Original Log Time 2021/07/13-15:11:56.419785) [/db_impl/db_impl_compaction_flush.cc:249] [default] Blob file summary: head=10, tail=13
2021/07/13-15:11:56.419833 7f213fde8700 [/db_impl/db_impl_files.cc:422] [JOB 3] Try to delete WAL files size 64796928, prev total WAL file size 102948192, number of live WAL files 2.
2021/07/13-15:11:56.424337 7f213fde8700 [le/delete_scheduler.cc:77] Deleted file ../mnt/000008.log immediately, rate_bytes_per_sec 0, total_trash_size 0 max_trash_db_ratio 0.250000
2021/07/13-15:11:56.424341 7f213fde8700 [DEBUG] [/db_impl/db_impl_files.cc:337] [JOB 3] Delete ../mnt/000008.log type=0 #8 -- OK
2021/07/13-15:11:56.592658 7f212e7fc700 [/db_impl/db_impl_write.cc:1810] [default] New memtable created with log file: #14. Immutable memtables: 0.
2021/07/13-15:11:56.592722 7f213fde8700 (Original Log Time 2021/07/13-15:11:56.592711) [/db_impl/db_impl_compaction_flush.cc:2568] Calling FlushMemTableToOutputFile with column family [default], flush slots available 1, compaction slots available 1, flush slots scheduled 1, compaction slots scheduled 0
2021/07/13-15:11:56.592724 7f213fde8700 [/flush_job.cc:341] [default] [JOB 4] Flushing memtable with next log file: 14
2021/07/13-15:11:56.592734 7f213fde8700 EVENT_LOG_v1 {"time_micros": 1626156716592731, "job": 4, "event": "flush_started", "num_memtables": 1, "num_entries": 119111, "num_deletes": 0, "total_data_size": 64200829, "memory_usage": 66850328, "flush_reason": "Write Buffer Full"}
2021/07/13-15:11:56.592735 7f213fde8700 [/flush_job.cc:370] [default] [JOB 4] Level-0 flush table #15: started
2021/07/13-15:11:56.832067 7f213fde8700 [/blob/blob_file_builder.cc:308] [default] [JOB 4] Generated blob file #16: 118956 total blobs, 66615360 total bytes
2021/07/13-15:11:56.832376 7f213fde8700 EVENT_LOG_v1 {"time_micros": 1626156716832362, "cf_name": "default", "job": 4, "event": "table_file_creation", "file_number": 15, "file_size": 1963459, "file_checksum": "", "file_checksum_func_name": "Unknown", "table_properties": {"data_size": 1951081, "index_size": 16201, "index_partitions": 0, "top_level_index_size": 0, "index_key_is_user_key": 1, "index_value_is_delta_encoded": 1, "filter_size": 0, "raw_key_size": 2854944, "raw_average_key_size": 24, "raw_value_size": 1066828, "raw_average_value_size": 8, "num_data_blocks": 889, "num_entries": 118956, "num_filter_entries": 0, "num_deletions": 0, "num_merge_operands": 0, "num_range_deletions": 0, "format_version": 0, "fixed_key_len": 0, "filter_policy": "", "column_family_name": "default", "column_family_id": 0, "comparator": "leveldb.BytewiseComparator", "merge_operator": "nullptr", "prefix_extractor_name": "nullptr", "property_collectors": "[]", "compression": "Snappy", "compression_options": "window_bits=-14; level=32767; strategy=0; max_dict_bytes=0; zstd_max_train_bytes=0; enabled=0; max_dict_buffer_bytes=0; ", "creation_time": 1626156716, "oldest_key_time": 1626156716, "file_creation_time": 1626156716, "slow_compression_estimated_data_size": 0, "fast_compression_estimated_data_size": 0, "db_id": "da0da3e1-6330-4ded-a8f3-500e4938af5e", "db_session_id": "07CPONV3V6VBSGYHQHT6"}, "oldest_blob_file_number": 16}
2021/07/13-15:11:56.832389 7f213fde8700 [/flush_job.cc:449] [default] [JOB 4] Level-0 flush table #15: 1963459 bytes OK
2021/07/13-15:11:56.836697 7f213fde8700 (Original Log Time 2021/07/13-15:11:56.834414) [/memtable_list.cc:457] [default] Level-0 commit table #15 (+1 blob files) started
2021/07/13-15:11:56.836699 7f213fde8700 (Original Log Time 2021/07/13-15:11:56.836655) [/memtable_list.cc:639] [default] Level-0 commit table #15 (+1 blob files): memtable #1 done
2021/07/13-15:11:56.836715 7f213fde8700 (Original Log Time 2021/07/13-15:11:56.836665) EVENT_LOG_v1 {"time_micros": 1626156716836661, "job": 4, "event": "flush_finished", "output_compression": "Snappy", "lsm_state": [3, 0, 0, 0, 0, 0, 0], "blob_file_head": 10, "blob_file_tail": 16, "immutable_memtables": 0}
2021/07/13-15:11:56.836716 7f213fde8700 (Original Log Time 2021/07/13-15:11:56.836673) [/db_impl/db_impl_compaction_flush.cc:241] [default] Level summary: files[3 0 0 0 0 0 0] max score 0.02
2021/07/13-15:11:56.836717 7f213fde8700 (Original Log Time 2021/07/13-15:11:56.836673) [/db_impl/db_impl_compaction_flush.cc:249] [default] Blob file summary: head=10, tail=16
2021/07/13-15:11:56.836720 7f213fde8700 [/db_impl/db_impl_files.cc:422] [JOB 4] Try to delete WAL files size 64796384, prev total WAL file size 102925344, number of live WAL files 2.
2021/07/13-15:11:56.841211 7f213fde8700 [le/delete_scheduler.cc:77] Deleted file ../mnt/000011.log immediately, rate_bytes_per_sec 0, total_trash_size 0 max_trash_db_ratio 0.250000
2021/07/13-15:11:56.841214 7f213fde8700 [DEBUG] [/db_impl/db_impl_files.cc:337] [JOB 4] Delete ../mnt/000011.log type=0 #11 -- OK
2021/07/13-15:11:57.014314 7f212e7fc700 [/db_impl/db_impl_write.cc:1810] [default] New memtable created with log file: #17. Immutable memtables: 0.
2021/07/13-15:11:57.014378 7f213fde8700 (Original Log Time 2021/07/13-15:11:57.014368) [/db_impl/db_impl_compaction_flush.cc:2568] Calling FlushMemTableToOutputFile with column family [default], flush slots available 1, compaction slots available 1, flush slots scheduled 1, compaction slots scheduled 0
2021/07/13-15:11:57.014380 7f213fde8700 [/flush_job.cc:341] [default] [JOB 5] Flushing memtable with next log file: 17
2021/07/13-15:11:57.014390 7f213fde8700 EVENT_LOG_v1 {"time_micros": 1626156717014387, "job": 5, "event": "flush_started", "num_memtables": 1, "num_entries": 119115, "num_deletes": 0, "total_data_size": 64202985, "memory_usage": 66850016, "flush_reason": "Write Buffer Full"}
2021/07/13-15:11:57.014391 7f213fde8700 [/flush_job.cc:370] [default] [JOB 5] Level-0 flush table #18: started
2021/07/13-15:11:57.254670 7f213fde8700 [/blob/blob_file_builder.cc:308] [default] [JOB 5] Generated blob file #19: 118982 total blobs, 66629920 total bytes
2021/07/13-15:11:57.254980 7f213fde8700 EVENT_LOG_v1 {"time_micros": 1626156717254966, "cf_name": "default", "job": 5, "event": "table_file_creation", "file_number": 18, "file_size": 1963486, "file_checksum": "", "file_checksum_func_name": "Unknown", "table_properties": {"data_size": 1951081, "index_size": 16228, "index_partitions": 0, "top_level_index_size": 0, "index_key_is_user_key": 1, "index_value_is_delta_encoded": 1, "filter_size": 0, "raw_key_size": 2855568, "raw_average_key_size": 24, "raw_value_size": 1067062, "raw_average_value_size": 8, "num_data_blocks": 889, "num_entries": 118982, "num_filter_entries": 0, "num_deletions": 0, "num_merge_operands": 0, "num_range_deletions": 0, "format_version": 0, "fixed_key_len": 0, "filter_policy": "", "column_family_name": "default", "column_family_id": 0, "comparator": "leveldb.BytewiseComparator", "merge_operator": "nullptr", "prefix_extractor_name": "nullptr", "property_collectors": "[]", "compression": "Snappy", "compression_options": "window_bits=-14; level=32767; strategy=0; max_dict_bytes=0; zstd_max_train_bytes=0; enabled=0; max_dict_buffer_bytes=0; ", "creation_time": 1626156716, "oldest_key_time": 1626156716, "file_creation_time": 1626156717, "slow_compression_estimated_data_size": 0, "fast_compression_estimated_data_size": 0, "db_id": "da0da3e1-6330-4ded-a8f3-500e4938af5e", "db_session_id": "07CPONV3V6VBSGYHQHT6"}, "oldest_blob_file_number": 19}
2021/07/13-15:11:57.254992 7f213fde8700 [/flush_job.cc:449] [default] [JOB 5] Level-0 flush table #18: 1963486 bytes OK
2021/07/13-15:11:57.259453 7f213fde8700 (Original Log Time 2021/07/13-15:11:57.257175) [/memtable_list.cc:457] [default] Level-0 commit table #18 (+1 blob files) started
2021/07/13-15:11:57.259455 7f213fde8700 (Original Log Time 2021/07/13-15:11:57.259411) [/memtable_list.cc:639] [default] Level-0 commit table #18 (+1 blob files): memtable #1 done
2021/07/13-15:11:57.259456 7f213fde8700 (Original Log Time 2021/07/13-15:11:57.259420) EVENT_LOG_v1 {"time_micros": 1626156717259417, "job": 5, "event": "flush_finished", "output_compression": "Snappy", "lsm_state": [4, 0, 0, 0, 0, 0, 0], "blob_file_head": 10, "blob_file_tail": 19, "immutable_memtables": 0}
2021/07/13-15:11:57.259457 7f213fde8700 (Original Log Time 2021/07/13-15:11:57.259429) [/db_impl/db_impl_compaction_flush.cc:241] [default] Level summary: files[4 0 0 0 0 0 0] max score 0.03
2021/07/13-15:11:57.259458 7f213fde8700 (Original Log Time 2021/07/13-15:11:57.259429) [/db_impl/db_impl_compaction_flush.cc:249] [default] Blob file summary: head=10, tail=19
2021/07/13-15:11:57.259476 7f213fde8700 [/db_impl/db_impl_files.cc:422] [JOB 5] Try to delete WAL files size 64798560, prev total WAL file size 104207552, number of live WAL files 2.
2021/07/13-15:11:57.263967 7f213fde8700 [le/delete_scheduler.cc:77] Deleted file ../mnt/000014.log immediately, rate_bytes_per_sec 0, total_trash_size 0 max_trash_db_ratio 0.250000
2021/07/13-15:11:57.263971 7f213fde8700 [DEBUG] [/db_impl/db_impl_files.cc:337] [JOB 5] Delete ../mnt/000014.log type=0 #14 -- OK
2021/07/13-15:11:57.427124 7f212e7fc700 [/db_impl/db_impl_write.cc:1810] [default] New memtable created with log file: #20. Immutable memtables: 0.
2021/07/13-15:11:57.427188 7f213fde8700 (Original Log Time 2021/07/13-15:11:57.427178) [/db_impl/db_impl_compaction_flush.cc:2568] Calling FlushMemTableToOutputFile with column family [default], flush slots available 1, compaction slots available 1, flush slots scheduled 1, compaction slots scheduled 0
2021/07/13-15:11:57.427190 7f213fde8700 [/flush_job.cc:341] [default] [JOB 6] Flushing memtable with next log file: 20
2021/07/13-15:11:57.427201 7f213fde8700 EVENT_LOG_v1 {"time_micros": 1626156717427198, "job": 6, "event": "flush_started", "num_memtables": 1, "num_entries": 119114, "num_deletes": 0, "total_data_size": 64202446, "memory_usage": 66850184, "flush_reason": "Write Buffer Full"}
2021/07/13-15:11:57.427202 7f213fde8700 [/flush_job.cc:370] [default] [JOB 6] Level-0 flush table #21: started
2021/07/13-15:11:57.665392 7f213fde8700 [/blob/blob_file_builder.cc:308] [default] [JOB 6] Generated blob file #22: 118976 total blobs, 66626560 total bytes
2021/07/13-15:11:57.665716 7f213fde8700 EVENT_LOG_v1 {"time_micros": 1626156717665701, "cf_name": "default", "job": 6, "event": "table_file_creation", "file_number": 21, "file_size": 1963901, "file_checksum": "", "file_checksum_func_name": "Unknown", "table_properties": {"data_size": 1951514, "index_size": 16212, "index_partitions": 0, "top_level_index_size": 0, "index_key_is_user_key": 1, "index_value_is_delta_encoded": 1, "filter_size": 0, "raw_key_size": 2855424, "raw_average_key_size": 24, "raw_value_size": 1067008, "raw_average_value_size": 8, "num_data_blocks": 889, "num_entries": 118976, "num_filter_entries": 0, "num_deletions": 0, "num_merge_operands": 0, "num_range_deletions": 0, "format_version": 0, "fixed_key_len": 0, "filter_policy": "", "column_family_name": "default", "column_family_id": 0, "comparator": "leveldb.BytewiseComparator", "merge_operator": "nullptr", "prefix_extractor_name": "nullptr", "property_collectors": "[]", "compression": "Snappy", "compression_options": "window_bits=-14; level=32767; strategy=0; max_dict_bytes=0; zstd_max_train_bytes=0; enabled=0; max_dict_buffer_bytes=0; ", "creation_time": 1626156717, "oldest_key_time": 1626156717, "file_creation_time": 1626156717, "slow_compression_estimated_data_size": 0, "fast_compression_estimated_data_size": 0, "db_id": "da0da3e1-6330-4ded-a8f3-500e4938af5e", "db_session_id": "07CPONV3V6VBSGYHQHT6"}, "oldest_blob_file_number": 22}
2021/07/13-15:11:57.665729 7f213fde8700 [/flush_job.cc:449] [default] [JOB 6] Level-0 flush table #21: 1963901 bytes OK
2021/07/13-15:11:57.669915 7f213fde8700 (Original Log Time 2021/07/13-15:11:57.667728) [/memtable_list.cc:457] [default] Level-0 commit table #21 (+1 blob files) started
2021/07/13-15:11:57.669917 7f213fde8700 (Original Log Time 2021/07/13-15:11:57.669847) [/memtable_list.cc:639] [default] Level-0 commit table #21 (+1 blob files): memtable #1 done
2021/07/13-15:11:57.669918 7f213fde8700 (Original Log Time 2021/07/13-15:11:57.669857) EVENT_LOG_v1 {"time_micros": 1626156717669853, "job": 6, "event": "flush_finished", "output_compression": "Snappy", "lsm_state": [5, 0, 0, 0, 0, 0, 0], "blob_file_head": 10, "blob_file_tail": 22, "immutable_memtables": 0}
2021/07/13-15:11:57.669919 7f213fde8700 (Original Log Time 2021/07/13-15:11:57.669888) [/db_impl/db_impl_compaction_flush.cc:241] [default] Level summary: files[5 0 0 0 0 0 0] max score 0.04
2021/07/13-15:11:57.669920 7f213fde8700 (Original Log Time 2021/07/13-15:11:57.669888) [/db_impl/db_impl_compaction_flush.cc:249] [default] Blob file summary: head=10, tail=22
2021/07/13-15:11:57.669923 7f213fde8700 [/db_impl/db_impl_files.cc:422] [JOB 6] Try to delete WAL files size 64798016, prev total WAL file size 104873408, number of live WAL files 2.
2021/07/13-15:11:57.674455 7f213fde8700 [le/delete_scheduler.cc:77] Deleted file ../mnt/000017.log immediately, rate_bytes_per_sec 0, total_trash_size 0 max_trash_db_ratio 0.250000
2021/07/13-15:11:57.674459 7f213fde8700 [DEBUG] [/db_impl/db_impl_files.cc:337] [JOB 6] Delete ../mnt/000017.log type=0 #17 -- OK
